0.7376062938504357
0.7272375197144896
0.6188539872964115
0.4636061780888766
0.4031319744591795
0.3314960493373703
0.31006641753434977
0.31626698849470125
0.30579647606841753
0.3249925360766045
0.2979105907973807
0.2689918236192478
0.27572736771228945
0.28343164620932254
0.332232727386733
0.29367503777026416
0.27477394981337305
0.2732321723598926
0.23694051960618145
0.2516540623681425
0.28737801029155696
0.24725341495502423
0.24302788736733727
0.2525686893337187
0.2375381528574162
0.23146678220706995
0.22262406269326912
0.2304354801534054
0.2379261464817825
0.22829640373417243
0.22011438984966444
0.2178523403708302
0.2248028987532454
0.2217641852318178
0.2170201356086577
0.2179223558651631
0.2255242087119404
0.22186775836141145
0.21445562186999345
0.21572157376212336
0.21369059705079807
0.2101022813117256
0.21520642854519384
0.21271833702947726
0.20910701852945576
0.20471304803540752
0.2022708794015238
0.21599312265654735
0.20861014188667265
0.21021624291026436
0.20512914602078866
0.21454287657817375
0.20933462621656818
0.20981614245167118
0.20499248648760363
0.21541809701328524
0.20342654486416853
0.21346931184807277
0.20975996065069774
0.2127557904608069
0.20523317104902167
0.2055306086462117
0.21423333466120004
0.20356344930003634
0.2173682177981331
0.2122511084968442
0.20910569413194274
0.20418872068914928
0.20709190042843367
0.20554261773781574
0.20351379674211062
0.20501205823948496
0.20617174437711416
0.20207991803084166
0.2043174814586025
0.20250452019557275
0.1978714444466812
0.20393157263262768
0.2030335550381281
0.2068231298617695
0.1987016970342953
0.20858001234288653
0.19583237422417732
0.20425136013577333
0.20382922278370316
0.1998729558280014
0.2022449498411169
0.20423876040217528
0.19651436618609397
0.20141089761994987
0.19710222712208136
0.20327297987877938
0.20292968451358523
0.2007507435029463
0.2007695342205121
0.20061464616133934
0.20095075454893158
0.19953523030688208
0.2035540302751841
0.20373048590976225
