0.7139763929234308
0.6897192345633043
0.6661620252925057
0.6267365340545189
0.5897510276894916
0.5669580547468828
0.5485355768367041
0.5228412209654949
0.5137188810214885
0.496620335302683
0.4941403029902735
0.4704032549461044
0.4700078392556018
0.46372006650218073
0.4578288929951359
0.44763139866548624
0.4519235869138166
0.4321565728287373
0.43010256968471416
0.4266693672148658
0.4124695723250614
0.3996950667514113
0.41358772836270935
0.382231514652483
0.3758892810435938
0.3564144861601531
0.33877368969050925
0.3408637765440824
0.3326805463288852
0.3176287548268542
0.30805367263782474
0.30864431453957264
0.29098139018481717
0.2742048690665188
0.279371667429872
0.2640573420236718
0.2601089607681055
0.2525262968718592
0.24181563076663146
0.23556004038487421
0.22388097856089548
0.2407099937393003
0.21405269102451743
0.20823018811586275
0.2204203833385771
0.20602527153253838
0.20462848295067299
0.20078712604297191
0.19725213203195033
0.7118873975809125
0.689915952086339
0.6601408677479936
0.6200534427086841
0.5876650124740326
0.5630400259234012
0.5548314827297058
0.5310071107432012
0.511305401031313
0.5073035559776095
0.48576604847790067
0.4679976063944892
0.4849226764652025
0.4681737963308748
0.4607151592032662
0.4404847726521984
0.4518579569024683
0.4413409856253408
0.4333700746618323
0.43349674851417014
0.41751142868522084
0.40830937964399105
0.40314844890406637
0.38276443382280506
0.3732614452145855
0.3662008255775701
0.3634218193848921
0.349672894044913
0.3378668454311948
0.3277472863118542
0.32011867584847803
0.3105141980598241
0.2987059921788439
0.29299581660766005
0.29271623372095257
0.2831626993292479
0.2761490863813139
0.2697887651854773
0.25549490911762324
0.2471485905814664
0.252623247584948
0.25013330870628436
0.2627323005868149
0.24235851103523554
0.2308741622064145
0.21769705868249695
0.2508163621755455
0.2248733155948892
0.22848314145165285
0.2141389935655911
0.709011305888629
0.686699108724558
0.660029597802695
0.6236794271585311
0.5898500646436794
0.5662696499623706
0.5479701862163083
0.5177567087983839
0.5105640782924858
0.5008603122078455
0.4790396200655213
0.4662647265379904
0.466640387035619
0.4623258955948061
0.4627967759225117
0.44103336504737317
0.4279720467450305
0.42774426509161334
0.4272363715457106
0.4293072848187297
0.39728793981997734
0.3994103915989989
0.3982171891838256
0.38348095167464274
0.366287318212684
0.3521486059669145
0.347574594353246
0.32909436197666664
0.33137696972097025
0.3196360495150753
0.2982482030336339
0.2926987375792495
0.29417002363682465
0.29724485846550064
0.27916804032320686
0.27306767021090633
0.2688489946342704
0.2615367533704016
0.24708412490778084
0.2508033398865625
0.24360111961406905
0.23623464385132786
0.22949265544737632
0.2256987404551863
0.22999391544501355
0.21263354993251585
0.19812032934230012
0.2157033520143025
0.21069793895505473
0.20165035208620327
0.20310553000021875
0.20667097582334717
0.19209543531587356
0.18766253025581128
0.1718778803230368
0.17557671687992715
0.19199011468252997
0.17680290192161002
0.1785365361115286
0.16384080288323413
0.17488862728041807
0.16439780087821426
0.7097565147297605
0.6868969451994748
0.6629678454750216
0.6200975317247077
0.5946186180363687
0.5740073262859894
0.5483727094847439
0.5302578126702708
0.5145142963567564
0.49423124555063086
0.4888424207289227
0.491676678410651
0.47661852896811996
0.46215735347698766
0.4586416578068189
0.45597879034059924
0.45707620315717684
0.43334688358914153
0.42919773795454863
0.42657858939010523
0.4076075487241434
0.4125403066828573
0.39626131757988936
0.39091677456735335
0.37855946703132337
0.37898631851872394
0.36381535948490523
0.34745442814953564
0.3288411003892816
0.33774760891074074
0.3244836939487394
0.3071165752316946
0.29933083456334075
0.2830110195013335
0.289673271803174
0.27827020482309783
0.27402594410179365
0.2613510980019596
0.2511004658286554
0.24936925104556923
0.24682539098648476
0.22737289398511737
0.22981146779239178
0.22950826577950537
0.21184588858414766
0.21973169648691415
0.20947993114672653
0.22298036907974483
0.19217750069976497
0.1962666390595545
0.20128078621918563
0.18143441633977767
0.19163284599931524
0.17706731980863877
0.17837091689136395
0.1743887035592495
0.1762999987843587
0.17745016839367156
0.16774748363632588
0.16638913254907256
0.16677790189436298
0.16893155170974078
0.166009107986712
0.16298407264573628
0.14869481979832502
0.1680835082574578
0.16192037022548325
0.15292249171028338
0.14586903010281949
0.1361771222238689
0.15005179328023865
0.15022312795287912
0.14820493171816446
0.138382209913379
0.14022390591622763
0.1470339852570222
0.1474222181643883
0.12652432684814488
0.13280513682373182
0.13949652784712693
0.13605308970216637
0.12520659832156975
0.13282465917192993
0.1374726471286376
0.12614718523139135
0.14366054054549024
0.13096563733850763
0.12191875759057538
0.12130659016432951
0.12122139718116572
0.11659051750026236
0.13574420889852917
0.12409837699441192
0.12129380850178388
0.1250473929914288
0.11484375977358471
0.12733321914013146
0.1128466821550153
0.12846640665250614
0.11826976652786259
0.10488700449766838
0.126812089158195
0.11226214375867662
0.11891607977350875
0.12092334597763844
0.13004996133663427
0.10516598924158986
0.11435760613104204
0.10842349505784647
0.11446196259236709
0.10825689143642152
0.12091480766389945
0.1021134106455026
0.11491631505020167
0.10797270676105233
0.10694674175788003
0.11433342873216372
0.10998935639997473
0.11712146029684943
0.1089785315000403
0.11141003366927502
0.10747114615904374
0.09703913858726691
0.1095961832038823
0.10115703958417284
0.09551930067000897
0.10398721935349106
0.1179345288297697
0.09637299787375198
0.10493638833543523
0.10975395922366975
0.10555951493620055
0.09805820701980741
0.10191094058927107
0.09240298722168598
0.09992466788923694
0.10539755815208103
0.10907956654051636
0.09208942597832132
0.10093526378197766
0.09137649015946663
0.10278474151356799
0.10650403765489883
0.09652622998448361
0.10234137574704713
0.09709066207001604
0.09503234102575424
0.08931389092242639
0.09648882568276318
0.10000662655276961
0.10614845130551992
0.09466460626057095
0.08518751262651345
0.10472772727213009
0.09761953695685471
0.0922967637715922
0.08617752411458547
0.09321676573099728
0.09190895143052331
0.1010648531332343
0.09289749398670956
0.09480128377102862
0.10045569197172545
0.0922495101129572
0.08707404044874216
0.101932437757001
0.09482603853842882
0.09316680817416605
0.09100473378808475
0.08503004587307575
0.08862080254183816
0.0881266559298009
0.09904166001158768
0.08579419111706804
0.09367762954255708
0.090938400532617
0.08930188647379327
0.08424639953931377
0.09079554196399199
0.0876078543804876
0.08648007830444479
0.08877789402117127
0.08718780764443425
0.08657018435464268
0.09099810965850115
0.09319882876559044
0.09127715294334308
0.08381015681999414
0.09391432698773726
0.08700410314199039
0.08387386427742151
0.08270560072957825
0.09778185529331611
0.0790475666846387
0.09380858009879926
0.07894135586165986
0.08882221066401208
0.08315955533080742
0.08925360145174217
0.09182616604353765
0.07973772732218969
0.07489859690454732
0.09086475028617469
0.0830788225121078
0.08307444907249853
0.08584221658253498
0.08978506856189514
0.07540626956435569
0.08604033311056515
0.07349992428079292
0.09439351335381567
0.08443993385727568
0.08946712266973772
0.07762145734551748
0.07980892103745468
0.09188668225408511
0.08286065164352313
0.08775251164007761
0.07629608364903835
0.07355092652822233
0.08988838780852204
0.09261991517655102
0.07825645636269644
0.0758741150928806
0.09088561506357512
0.08035071482311727
0.08733073976806702
0.0756949652482442
0.07948822921690879
0.07575384487489642
0.07065323510729293
0.0790349399332888
0.09056005635214355
0.07623422595989918
0.08802673934299601
0.07416288855687607
0.08608267505765822
0.08095636194794692
0.07050712899485198
0.07841656892779436
0.07894371431363803
0.07251155472392959
0.07893523884822157
0.08438435737546074
0.08348537731828344
0.07002176662938171
0.08050388885455405
0.07351174378135185
0.09233236491154238
0.0699601464668488
0.07865998346474637
0.07774771592526096
0.07657542712441677
0.07835326159150148
0.07618246859954128
0.075251041402603
0.08087304275670695
0.07599927787863302
0.07290955149152753
0.0754231448244957
0.08210656268564903
0.07139319161439388
0.08197792782636877
0.07823891555098385
0.08614812227101885
0.07922995664111195
0.0720154105794568
0.07664353426926192
0.07756923706120622
0.06888510468965377
0.07010294661523118
0.08242303912237355
0.07121364771764814
0.08297897729181666
0.0804936161770045
0.08753885755976983
0.07116737613619648
0.0757152817545887
0.07095066763118464
0.07266352661938999
0.0704278445131093
0.07853049877899519
0.08205422891943666
0.07403932680362148
0.06872438455962598
0.07404026977666162
0.07872805641972536
0.07683316607126336
0.07546672106710342
0.06457672671136004
0.07292250164945478
0.08480712931759067
0.0813674897511433
0.06543588870398633
0.07090099671448058
0.07780775466524437
0.0785518004013932
0.06944623448908113
0.07397518263603477
0.06673184678242519
0.06539856489906123
0.0783093963273851
0.08213382848426802
0.07966920337041317
0.07797882260839761
0.0711954974991772
0.06949549052640336
0.0658177945233293
0.078398835672796
0.07569339501549754
0.06548225097043732
0.07359094307316252
0.0774784665915083
0.07483903260711151
0.07547245140550582
0.07390038664488655
0.06786517675437458
0.07524052741409439
0.06983117513300735
0.07075977094079819
0.07480764901537344
0.07183464743749868
0.06572138859650166
0.07419031061375957
0.07097970992748855
0.056593754630307254
0.07863427365294996
0.06863815262569299
0.08335263431376776
0.07067664377324613
0.06314627732257043
0.0783170951824711
0.07239027527298779
0.06404377661628305
0.07009418232175993
0.08019283333797365
0.07176574825898398
0.06173373879921742
0.07228299462606044
0.07478330490971824
0.07065772232986889
0.07566419649398146
0.06621483581673873
0.06602953739347853
0.06844090782286004
0.07423194067667693
0.0722309995730188
0.06390791568746446
0.07276426630241212
0.06609191676433242
0.0673181842660665
0.06609338461586012
0.0697390210460722
0.08169087224058152
0.06803990539465336
0.06989311567363453
0.07907151492543257
0.06398120564060292
0.06782445774656508
0.06207148771080297
0.06688238486320099
0.069715561745616
0.06801701672663585
0.08164132227471231
0.07103383973766117
0.06584150409565602
0.0747957539284283
0.06754665881582715
0.062251680264391304
0.06962527887880841
0.05857670207232335
0.06276519551303344
0.07065629749750232
0.0815344831556736
0.07411141268704127
0.06775101311164189
0.06900397135114518
0.06581599240099613
0.0625713797408088
0.06737687586246095
0.08053344332454293
0.06484546193307525
0.06069561279937372
0.06900231611315141
0.06919535590011808
0.06261261509422532
0.07793659930297354
0.06830817610481524
0.06000908135217147
0.06860667192803566
0.06082539099128126
0.06578474822104599
0.072590183164967
0.07255091754291756
0.06319106614681376
0.06590221518240415
0.07453471598233355
0.06674422810174734
0.06130706820841767
0.06748961675422475
0.05945243387097658
0.06465105416098334
0.06613866525348205
0.07554902122344974
0.06987562712439897
0.05979000709473799
0.07146280007919366
0.060399200909333935
0.06757450622317765
0.06002726642364067
0.07432667722772883
0.06531515931488778
0.06701212131461713
0.06966113920007477
0.07174667712689521
0.059948815948435055
0.06117813336650515
0.07397279623089499
0.060356206301110576
0.06325080041959052
0.061601065391451854
0.06828176991230661
0.06814603385742604
0.06834780833312532
0.0674196770139491
0.07353766612789438
0.056693479959881644
0.06835097735979534
0.06012118839133849
0.06791266686558928
0.06378624482906224
0.06064307038071616
0.07483278124954902
0.06011777381138387
0.05683901979494444
0.07646670462403449
0.07117908510154736
0.06527059726849421
0.059625535435113175
0.06540777557881976
0.07427205487996141
0.06792564831640242
0.05524990378856625
0.05873695393314033
0.05690670468572025
0.06255910506393417
0.06979322221521965
0.07374933419349107
0.061116335318076746
0.06297736033204414
0.06807020380699166
0.06745383858201012
0.06350215828514952
0.07911618831692474
0.06044455423464638
0.06165349188956116
0.0605860843914751
0.07448119663529561
0.061604599556451485
0.060340693722530245
0.07093730557891317
0.05843928447661336
0.06271123001621194
0.06081704660665647
0.06715003172505651
0.058538502249509454
0.0750074351137159
0.06681153800584769
0.06078965353944352
0.06572067305361115
0.07061354099327789
0.05918210629971867
0.06555418831598704
0.07211414779602146
0.06984283907706658
0.06455008975594502
0.06019738339696348
0.062081429713231745
0.055936841993099756
0.07160396176254025
0.06418311689342462
0.06452713077230547
0.05943123876596379
0.06922567061297184
0.067886676693664
0.06897689543003133
0.061644760340432175
0.060368853152314376
0.06290469393808824
0.06231811082401726
0.06951831146853625
0.0652772478126621
0.058069196074689904
0.06901313718969587
0.07126092698272976
0.05584350483278306
0.06142564837084061
0.0596803829239293
0.06400272542748665
0.05883522060846429
